0040000
0040001
0040002
0040003
0040004
0040005
0040006
0040007
0040008
0040009
0040010
0040011
0040012
0040013
0040014
0040015
0040016
0040017
0040018
0040019
0040020
0040021
0040022
0040023
0040024
0040025
0040026
0040027
0040028
0040029
0040030
0040031
0040032
0040033
0040034
0040035
0040036
0040037
0040038
0040039
0040040
0040041
0040042
0040043
0040044
0040045
0040046
0040047
0040048
0040049
0040050
0040051
0040052
0040053
0040054
0040055
0040056
0040057
0040058
0040059
0040060
0040061
0040062
0040063
0040064
0040065
0040066
0040067
0040068
0040069
0040071
0040072
0040073
0040074
#0040075
0040076
0040077
0040078
0040079
0040080
0040081
0040082
0040084
0040085
0040086
0040087
0040088
0040089
0040090
0040091
0040092
0040093
0040094
0040095
0040096
0040097
0040098
0040099
0040100
0040101
0040102
0040103
0040104
0040105
0040106
0040107
0040108
0040109
0040110
0040111
0040112
0040113
0040114
0040115
0040116
0040117
0040118
0040119
0040120
0040121
0040122
0040123
0040124
0040125
0040126
0040127
0040128
0040129
0040130
0040131
0040132
0040133
0040134
0040135
0040136
0040137
0040138
0040139
0040140
0040141
0040142
0040143
0040144
0040145
0040146
0040147